1.021252461587925708e+00 1.033016361807934214e+00 1.034381098217646233e+00
1.017368459748656750e+00 1.029899188653173647e+00 1.026789246604545625e+00
1.019107196321868747e+00 1.023350152545553726e+00 1.031124480106518249e+00
1.020720733913753620e+00 1.033402816502294597e+00 1.035378276933399677e+00
1.021903084772220360e+00 1.032752515144337524e+00 1.032711447277268269e+00
1.018407870374812729e+00 1.017770197294488588e+00 1.026988287273544742e+00
1.028814807799668607e+00 1.033821760301216974e+00 1.034687729802518330e+00
1.011483332648075439e+00 1.035879209314096494e+00 1.022427562412850932e+00
1.030093492314714698e+00 1.020108257191917556e+00 1.024174066708638753e+00
1.025270094990542447e+00 1.026635768024995121e+00 1.015786925352370362e+00
1.017885388547719927e+00 1.024001470775978584e+00 1.033840579596699838e+00
1.017263169337068174e+00 1.032221078025056249e+00 1.028033514387738379e+00
1.013400710202246646e+00 1.025597536076305660e+00 1.033003849154384035e+00
1.023413520566555546e+00 1.033727943394202375e+00 1.018354562930534390e+00
1.024428611058719962e+00 1.025573310431776797e+00 1.007239794196284732e+00
1.021767004635837139e+00 1.034705303690613531e+00 1.029008187066940083e+00
1.028002965261126000e+00 1.030216709337551162e+00 1.024162991738311934e+00
1.015083907997758272e+00 1.033797888007808252e+00 1.033952546203283918e+00
1.015000877908091459e+00 1.025537045065279207e+00 1.031807509436755588e+00
1.025118872358068867e+00 1.032216921291730038e+00 1.036266886724901859e+00
1.011669760604300361e+00 1.033159413664240134e+00 1.020951931224995279e+00
1.026904055404153748e+00 1.031919112480810474e+00 1.023679066068771792e+00
1.032638566196354191e+00 1.029915723212915468e+00 1.021404382555596735e+00
1.032584655186152611e+00 1.031983993501281782e+00 nan
1.018810961484387878e+00 1.011164360671860329e+00 nan
1.013122808307514555e+00 1.033754220846329064e+00 nan
1.024078082946677792e+00 1.031872465549073192e+00 nan
1.013980245773705935e+00 1.033012681825130397e+00 nan
1.021530902754309134e+00 1.032655293884528147e+00 nan
nan 1.033399870535652187e+00 nan
nan 1.026232291712531275e+00 nan
nan 1.034133231007958509e+00 nan
nan 1.032492928002328503e+00 nan
nan 1.031646622520887124e+00 nan
nan 1.032957569741086878e+00 nan
nan 1.031598018442936748e+00 nan
