2.504435758472293383e+00 4.726207364509495079e+00 6.799897573574833487e+00
4.766663034497685913e+00 5.773196036586631941e+00 2.704429928811582684e+01
6.097922191626597765e+00 2.315626190435409626e+00 3.154284154394131789e+00
8.013158323103077407e+00 8.425183119726897374e+00 6.607158489539455282e+00
4.604576329445769112e+00 4.868666748572425540e+00 2.723159098290106161e+00
4.983671159699500031e+00 5.424000802491883100e+00 1.081374708462241685e+01
2.706758410869504416e+00 3.225221798650195648e+00 5.936309121295892943e+00
2.697539658342851254e+00 9.548064705331766433e+00 3.269719507051441987e+00
5.064326317272577427e+00 7.034000954234389980e+00 4.759299936354895344e+00
5.495218841873246163e+00 8.578299492018715000e+00 1.169370589885953038e+01
4.892633916801953475e+00 1.970197655320091812e+01 7.777622343238475899e+00
2.048688191901841904e+01 5.738307640172839008e+00 8.211974864711205413e+00
3.030888501570798699e+00 7.478331763657390496e+00 5.034282037843591517e+00
9.540758692709667699e+00 7.829222922187583755e+00 1.356361896644849629e+01
3.907200522695055245e+00 2.881979000814257841e+00 3.675516990400246264e+00
6.510561563893906722e+00 2.721009782551742973e+00 2.551291334312083769e+00
4.548288889230089005e+00 4.014718092891205181e+00 5.643915465105153295e+00
8.491705381908650097e+00 1.383774312777657123e+01 5.749686373491859293e+00
3.830571124358622459e+00 7.219833350353168200e+00 8.777288194136813715e+00
3.048475507963670594e+01 6.192446597696633859e+00 1.640163539192590179e+02
3.394124170622947023e+00 6.522033505919562657e+00 1.907036186664963111e+02
5.272922129188836848e+00 3.961790382480312189e+01 3.163817853863674312e+00
2.588850601834258747e+00 8.179744273126612342e+00 3.202149516446371802e+00
3.782794618648389839e+00 2.205784235786999670e+00 nan
8.657875847482960907e+00 3.317591134323804880e+01 nan
3.804703221158479920e+00 8.397426127214774283e+01 nan
4.403330101330991120e+00 3.078928174837813359e+01 nan
6.606123406997532754e+00 2.593637557493355228e+00 nan
9.806964861624656749e+00 1.046313613588182179e+01 nan
nan 1.262536695142198440e+01 nan
nan 6.995489251098166328e+00 nan
nan 7.770979178275040589e+00 nan
nan 7.008267504970345563e+00 nan
nan 2.416240125186714494e+00 nan
nan 3.904491270536646574e+00 nan
nan 3.643168452960801051e+00 nan
