1.276410501799057329e+01 9.268382894588647503e+00 1.252304079014258953e+01
1.500780608898312707e+01 1.270235467071060320e+01 3.957405548498566077e+02
1.810631695669162511e+01 8.512592249690044355e+00 8.766595624990406677e+00
1.927092437126849589e+01 1.795925638920258294e+01 2.144170468918877148e+01
1.818073855492814062e+01 1.156086483952486432e+01 1.148442659734491045e+01
1.795415589172886328e+01 1.425187588224015833e+01 2.254169397123867213e+01
1.178636012054596804e+01 1.023511739914724039e+01 1.069441375513779136e+01
1.230339066827865047e+01 1.238479588123360209e+01 1.023312789035889203e+01
1.261240918143974987e+01 3.141916667806006913e+01 1.783067093148319771e+01
2.406528400779005494e+01 1.693392816062494077e+01 2.292337091527880588e+01
1.320805291057054909e+01 2.349529212409129642e+01 1.712856485006726359e+01
1.871928214212182340e+01 1.400342936712550745e+01 1.159078893842133340e+01
1.637355377564637138e+01 1.135016760073872177e+01 1.355915626570794252e+01
2.321208804067392251e+01 1.309807299376183920e+01 1.762953243540931680e+01
1.346418601802008475e+01 1.284797897247798204e+01 1.556107560099322740e+01
2.147673664438000074e+01 1.714613447341753627e+01 8.124826365657582983e+00
1.727229699443780930e+01 1.312765827726862788e+01 1.118731305387589536e+01
1.721806862648680436e+01 1.868019817658316839e+01 1.133926516847110832e+01
2.272749702940152261e+01 3.217300097242090118e+01 1.536433755032323489e+01
7.846360153084573597e+01 1.242875539393079798e+01 2.540585376106827553e+01
1.610408986320798874e+01 1.626029746425153277e+01 1.778121734031265078e+02
1.717026306587698059e+01 1.597326316370422106e+01 1.227751727129338732e+01
1.179196419617171543e+01 2.772542267454438303e+01 1.484036352452258711e+01
1.356737897587317754e+01 1.049803499461950551e+01 nan
1.095588839630974576e+01 2.823298831428726885e+01 nan
1.179182238360683854e+01 3.978202518890150685e+01 nan
1.596256359609819597e+01 6.213719173246700933e+01 nan
2.682663737264188342e+01 9.558399411369578047e+00 nan
1.709491806497933553e+01 1.316281030902544913e+01 nan
nan 1.776806849042752035e+01 nan
nan 2.025803069224366837e+01 nan
nan 2.655785551701877267e+01 nan
nan 1.885644601504890616e+01 nan
nan 9.471314507857131915e+00 nan
nan 1.505584018813837766e+01 nan
nan 2.868708346776830709e+01 nan
