1.448911594029071814e+01 9.306620863622377726e+00 1.017294694743701022e+01
1.542826248628440844e+01 1.099940586638816775e+01 1.746776602215682672e+01
2.146805666361046860e+01 1.033271157557652131e+01 9.383859122061808833e+00
2.095548334996577466e+01 9.546873586240785414e+00 1.518870424874502945e+01
3.837406804663735471e+01 1.356328981066947037e+01 1.039543494404197865e+01
2.362801502325553926e+01 1.370692408467534840e+01 1.802647909453845187e+01
9.959657485864848780e+00 9.278090272766799984e+00 9.746653253880786849e+00
1.991177012796859458e+01 1.227269891867403651e+01 8.905477678193919999e+00
1.335216214655500799e+01 1.371469360479663280e+01 1.334564632379553473e+01
3.476640804772551263e+01 1.327343808273098524e+01 2.405674125186807188e+01
1.740495918051609792e+01 1.862247367015672239e+01 1.808139741298864323e+01
2.632809126750514395e+01 1.308521744373716622e+01 1.101123411013667130e+01
2.870306377765994199e+01 1.153464092213997993e+01 1.082710953104731466e+01
1.418304520582036332e+01 1.236305504149792434e+01 1.695465101883779369e+01
2.194746201040645417e+01 1.148385589088276504e+01 2.899303234827888431e+01
1.935606466698283867e+01 8.474093143515244009e+00 8.469515116051219650e+00
2.222396582524565645e+01 9.596995702359638614e+00 1.151479990823860966e+01
2.399988463013745843e+01 1.654071714206185462e+01 8.362484297491516116e+00
2.919565389799157629e+01 1.179978756847549981e+01 1.090772869112395327e+01
7.923572261566700092e+01 9.706924942384162591e+00 1.346597913166488603e+01
1.958639478371507892e+01 1.820888634351692659e+01 4.862209549154277255e+01
2.363832983996645609e+01 1.286311891135558838e+01 1.159869907340909023e+01
1.257318878602066548e+01 1.477298180849127363e+01 1.789556442062945507e+01
1.830673710281372024e+01 1.026387892837460925e+01 nan
1.044129818813454591e+01 1.972180293626741587e+01 nan
1.517150706744816269e+01 3.043945478347207256e+01 nan
1.463661665253092714e+01 1.564069441154855866e+01 nan
3.874684839387771262e+01 9.250468810803466724e+00 nan
1.447173306370635082e+01 1.243875415578427024e+01 nan
nan 4.471914226968848993e+01 nan
nan 1.811417626348616494e+01 nan
nan 3.117750440004081725e+01 nan
nan 1.379502640399403113e+01 nan
nan 1.143345533791553414e+01 nan
nan 8.717623063952085971e+00 nan
nan 2.668406679142336557e+01 nan
