2.750897974978250460e+01 1.091158995288386180e+01 1.830531953044925686e+01
1.204333185708301635e+01 2.264704145809204405e+01 2.336162961705278818e+01
7.233410347638383087e+01 3.121821944595962606e+01 1.084919930781949127e+01
1.799629194483431505e+01 1.031065305413695121e+01 1.967249414570310151e+01
1.234902839154929843e+01 9.137939229935277297e+00 8.412098123767147939e+00
1.400812261977304907e+01 5.963543732463234903e+01 2.305440840800872593e+01
1.019865568531601596e+01 1.222425636953862416e+01 1.347037814826641622e+01
3.277323498206755659e+01 1.127963000013332717e+01 1.117187433995774803e+01
1.269934235485455076e+01 3.283995049105104158e+01 1.465136094331592709e+01
3.871353502089987586e+01 8.830600446028284978e+00 2.221482702744125959e+01
2.601230794866665619e+01 2.337115789052892012e+01 1.155459031714785212e+01
1.479978308821220345e+01 1.670298582846985980e+01 1.131828681795719227e+01
1.737694536250920407e+01 1.303252738090700191e+01 1.146617125661170533e+01
1.312797632537949255e+01 1.839978738073729048e+01 2.149966838505491395e+01
1.777200816101113290e+01 1.301724665095981948e+01 2.135620563457798227e+01
2.031695745749603077e+01 9.524012985104691964e+00 1.013368642511725781e+01
2.338623431054742241e+01 1.303411122827634472e+01 1.505964966836639718e+01
4.072860993650060379e+01 2.171591060679509511e+01 9.307638041786090000e+00
1.841036893153159681e+01 1.058725038293491849e+01 8.708182747694173997e+00
8.855775195043246129e+01 9.356313642833265831e+00 1.520027242902007458e+01
1.271087008321555345e+01 9.749381934095042723e+00 2.269839652757928405e+01
2.381407852760906607e+01 1.853415673985416134e+01 1.219135531150407914e+01
1.036624151806525340e+01 1.356272342983366741e+01 2.188274859698681851e+01
1.281644480728445856e+01 1.545670357055175437e+01 nan
1.791891212817799328e+01 1.477243113758352777e+01 nan
1.927417602652482387e+01 1.118104075468246172e+01 nan
1.083779616157566394e+01 1.607097666992471474e+01 nan
5.951793632133595935e+01 1.297400415744207258e+01 nan
9.225596683252391017e+00 1.351464623413880872e+01 nan
nan 2.940896114120248228e+01 nan
nan 1.237869672682257161e+01 nan
nan 2.767426537490497651e+01 nan
nan 1.465585625612164655e+01 nan
nan 9.028749189791186680e+00 nan
nan 1.382832103402794033e+01 nan
nan 3.111652095368605586e+01 nan
